var1	var2	var3	var4	var5	var6
top	top	top	bottom	bottom	bottom
0.546591462	1.575591824	1.508967628	2.504824128	5.540245787	6.198930517
-0.640523401	5.275076375	1.498840527	4.436792443	4.987389951	5.194154164
1.031964377	2.561982881	4.018348737	3.506171496	5.030394857	6.570980061
0.095188151	1.802874364	2.057855394	2.789252434	4.797252053	7.545843997
0.891477207	2.627927168	2.218567216	4.581938949	4.791792094	5.468657314
0.617867806	3.574564874	2.051910156	4.929030998	5.830516368	6.105716044
0.384980221	0.824461756	3.704699016	3.803349357	4.016410172	4.860395884
1.238328198	1.937954313	4.721706901	4.549137035	4.922025702	6.887748784
0.84980684	1.134242322	4.557124779	2.795271102	5.615770733	4.192420942
1.922432636	3.013696024	3.54405211	4.766817404	3.349066323	7.526063137
1.143391389	1.708589059	3.143761964	3.834944748	7.064212916	4.655145133
1.203046267	1.581849827	2.843311806	3.703041241	5.44718599	6.68623172
-0.662163207	2.239731195	2.003434615	5.731169301	2.279533631	6.179886586
-2.225846215	3.154355257	4.016192941	4.467988265	6.458131837	6.734089487
-1.438068612	2.649942898	1.628656441	3.134859574	3.980011946	6.238583077
0.376628365	2.630198753	2.87657922	3.110816096	4.789592861	5.488043611
0.842964341	1.721777574	3.394639308	5.798153043	4.35698825	5.801862614
0.110478311	2.012705235	2.555950426	3.838279346	6.283095776	4.435224526
-0.582747938	0.962425682	3.252990631	3.188760144	4.454199534	7.943155115
0.378037894	1.747868314	2.864349636	3.106116363	4.488510685	5.333307934
-2.369146277	0.204021525	2.923740302	4.307798957	6.687970396	5.327237583
-1.11115904	1.784171689	3.534911625	3.559099375	5.396013149	6.534725398
1.015703888	2.777977035	2.713411505	5.356886333	4.870706507	5.344225294
-0.862608417	2.534011522	2.305773994	4.523848632	4.949003018	6.596716291
-0.846243555	1.60812877	3.232718381	4.555426354	5.106470478	6.144229733
-0.378913682	3.877322613	3.382629249	2.845224762	5.076341057	5.328406869
1.601433609	0.579917832	3.5064929	4.442687861	3.640301325	6.186934705
-0.751581573	0.280755096	2.753915267	5.532385906	4.100403096	5.23626279
0.308341084	0.828402966	2.29173093	4.664021303	5.795444453	6.466475083
-0.759195583	0.182099662	3.675493835	5.837921826	5.472409761	6.303348793
-0.734592984	0.976990113	1.804176421	4.571843334	5.268637378	5.599069557
0.026391678	1.848776174	1.518895173	5.970624009	4.223081434	6.217929703
0.770359757	2.211265752	3.033876172	5.180121448	6.169644426	3.937893282
-0.096029191	2.307769625	2.636461857	2.507505877	3.656344436	5.148249404
-0.397749567	0.807151091	2.541830918	5.03522765	5.376553133	5.54214212
-0.486267081	1.961229566	3.211232178	6.250136068	4.17112869	7.140659768
0.895041582	3.615887254	4.111452952	3.191139181	5.784459384	6.895273363
-0.488137938	1.432737716	3.336819415	5.562757892	5.108075728	7.237143945
0.701473151	2.452595752	0.959592962	3.952587603	5.097206678	5.330011652
-0.215377396	2.240484569	2.394223165	2.59329215	5.776923273	6.843587033
-1.148590347	3.166112089	4.533139478	4.666533624	5.096246551	5.653045199
0.950664714	2.802574385	3.507667947	1.749255536	3.498916575	5.668645118
0.531814941	2.718961035	3.32659261	4.42112105	4.426951983	4.399859046
0.090935715	1.921122411	2.949145349	3.431475059	7.031680398	5.743304488
0.312000957	1.198547487	3.027948632	4.07885203	5.370834024	5.89638045
-1.647269089	2.861642581	3.72948223	3.22782877	5.654363625	7.459981978
0.563272073	0.737259248	1.542986858	4.409623763	3.90166411	7.55787261
-1.228313853	1.569032398	3.12472017	6.440634708	4.202512736	6.780312329
1.26533548	0.990095789	2.99838502	5.264941584	7.760713145	5.448052973
-1.231300447	0.367064155	5.012729307	6.193950517	4.5505646	5.918553045
1.542231027	2.613933523	3.695040737	4.756561207	3.021852561	4.803768249
-1.218108352	1.543003297	3.122813527	3.330213625	4.671958051	4.762878651
-0.374773562	0.965490083	2.064551062	4.84636028	4.176628528	6.99196273
0.891087603	4.242491234	1.057703669	4.770807312	4.443083955	4.484802976
0.123459338	2.425802842	2.103259312	4.446893537	3.732778598	5.120355561
-1.547612086	2.936374248	2.847331011	4.020314185	5.385994689	6.669201206
0.277969129	1.406670527	1.776702179	3.206396487	5.15623899	6.56748728
-0.603493244	1.328398486	4.706763375	4.611240548	3.504372544	5.988582705
-0.876543164	1.842942091	2.213087368	3.240740377	4.760871602	6.479596491
-0.381503766	1.794105908	3.130844155	3.35468388	4.578230477	5.324798102
-0.218184652	3.039492903	3.805095057	4.253640925	4.336383425	6.299990378
-1.418669286	0.560425913	3.524928567	5.317658955	7.424871539	6.454998173
-1.043450106	0.981477835	1.89052012	4.21829452	5.392582028	4.703012693
-1.344158447	1.289294391	3.422357476	4.249738331	6.052860023	7.077197088
0.865988713	2.391488241	3.060275875	2.158378492	4.164343909	4.784268221
0.414121455	2.016844929	2.292947248	2.111570539	5.644967605	6.654077739
-0.923537765	2.009707798	2.278628846	4.398400689	4.243279878	5.636699675
-0.685901659	-0.375183352	2.902191049	6.15554192	3.292850267	7.994791675
-0.061404708	1.442333307	2.360964201	3.237344555	3.835711359	4.024922359
-1.136387978	2.416815461	2.718470416	5.522592536	7.155289909	4.241399491
0.534920628	2.198786985	2.609950592	4.014785657	2.684995861	5.724947099
0.630248304	1.269881407	3.895929019	4.392284091	4.878920319	4.54664839
-0.490186377	4.059615682	4.556855178	5.024352429	3.775338312	5.299676841
-0.89939022	1.246861768	3.279288555	3.181289383	3.291256683	6.721705099
0.416587618	2.873549717	4.103140288	5.118901924	5.150163099	5.936041769
1.070411487	2.789560964	3.240156787	4.96677367	4.433849189	6.331944814
-1.112276269	3.537736033	2.612631016	5.948053819	5.274039695	4.798754464
0.38447251	1.362393115	4.340212677	4.236127791	6.297287822	5.050321065
0.274166991	2.205320956	4.416996609	4.101586106	5.739503567	6.006145584
-0.043503937	3.044442512	3.638456271	1.956074346	5.298806508	7.607741341
-1.349164499	2.103360943	4.244518255	2.239368941	4.988098772	4.544928279
-0.826467653	1.919196569	2.637718902	6.671215458	5.02949715	4.813022069
0.263132693	1.286917694	2.27291099	4.106190446	6.547406895	4.258897065
-0.493986382	1.751385077	3.151751952	3.711053124	4.62128707	5.386284664
0.215731211	2.812236502	1.803491498	5.422666937	5.738774267	6.750480175
-0.017565227	2.863724652	2.061905131	3.841146727	5.289158258	6.582221082
-1.186314375	3.465216018	1.474480015	3.465582353	5.165641934	6.849138842
1.328422209	0.909669785	2.03385973	4.058333216	4.687055336	4.261875026
0.831069804	2.628561837	2.601545189	2.925038928	6.096958939	7.400295517
1.516580177	2.471131432	3.48250581	3.856970517	5.569605412	6.280818734
0.899545566	3.051372612	1.517124006	2.704743064	6.147104308	5.868672456
-0.281673246	2.365942474	1.51670017	2.995655615	5.789253219	4.905144682
1.89474959	2.025508352	4.410195095	5.548571062	4.664181996	6.182197866
-1.09407947	1.726571578	1.205815863	2.424859213	4.539052353	6.521129396
2.38571171	3.988950626	3.058597906	3.341171224	3.903847988	5.707908377
-1.484617396	1.68169043	4.15166977	3.548411249	5.832185208	7.370451421
-1.940355938	3.415448216	5.481338391	3.114357116	6.016392825	7.383015918
-0.249879562	2.934332349	1.689996616	3.185060986	2.829475398	6.99313731
-0.062970394	0.598689065	2.867041522	4.338093728	3.594911721	6.538325303
-1.915694875	0.23083384	2.118977326	4.476525665	2.507453377	6.033053638
-0.224565665	3.180977339	2.80048214	5.201796477	4.844602822	5.601238913
0.435499779	1.756279656	4.436184492	3.608145225	5.218977715	7.158210878
0.649932593	2.324447458	2.099792168	4.500583855	5.929486123	7.609808778
1.18369297	1.990074564	4.05065445	4.826240883	6.604885624	6.696800913
0.448370445	1.911040558	2.298329256	1.84003774	3.691578281	5.568225537
-0.50101448	1.272760736	2.212268563	2.756538152	6.305209867	6.026357725
0.649950419	0.550250497	2.898132732	3.591613587	5.810504308	6.898597495
0.543905227	2.018487241	2.136770848	4.895881602	5.209623476	5.414898091
-0.909669586	2.153903755	4.604373691	3.64007609	5.540303112	4.079026893
1.03246277	3.025628716	1.939674163	2.859134246	7.277825989	4.588181732
-0.644372098	0.97521746	4.282975324	5.996116117	4.767934526	6.306565596
0.127319849	0.292869782	1.808638446	4.468973655	6.546949589	5.597916162
0.304675105	1.514380194	3.243109648	4.820891223	5.306902219	5.110616409
-1.078792217	0.882971273	4.133423314	4.394262226	5.61232876	6.577139679
-0.120002616	3.601415032	3.65996418	3.226858689	5.035241205	5.441372047
-1.207881461	1.19349441	3.79998275	4.680163296	3.13653375	5.844318031
-0.761936303	1.317704108	2.822070026	3.532367785	4.894162831	4.300524578
0.628612672	0.137837238	3.149928552	5.498440762	4.657318375	4.937614076
-0.289519051	5.092037517	2.175264824	4.353000947	5.686452389	5.764640913
0.047673061	2.396142233	3.672836951	5.204762643	5.083968229	6.304239555
0.996561364	0.540022456	3.276807645	4.025671397	4.292502393	6.13383218
-0.039542309	1.649267899	4.281630387	3.966657495	5.13217528	4.310262998
-0.868722258	1.915762288	2.703949274	4.346296631	4.456450961	6.743010847
-0.666586511	1.199827706	2.070197199	4.541986687	4.899014508	5.9601391
-0.215359681	1.526113324	2.382473994	4.499459219	4.152895908	2.396421098
0.237433056	-0.081979846	3.191092494	2.986733056	3.940153025	6.962110615
-0.002379282	1.845926532	3.276715457	2.70528512	5.878599401	6.34402752
-0.671172985	2.251765314	2.683051501	3.810001279	4.883899609	5.722660036
-0.069329571	2.54765139	1.724742448	3.722315846	2.855554308	7.363165552
0.42657942	0.372140916	4.000608626	5.27941166	6.514990524	6.08436223
-1.2059679	2.187890651	2.236855044	4.471239807	4.231176399	5.624941568
-1.627672897	3.80416673	2.852720746	4.040051015	5.136539124	6.363658086
0.140508775	1.103730338	4.263474512	4.015365787	3.695282352	5.798009163
-0.82156127	2.295384012	2.764854644	4.808866895	5.377775778	6.7222065
-2.218917692	-0.103184052	2.935159392	3.773320527	6.163949195	5.703426829
2.529290271	3.857751728	3.225781381	3.700721455	5.764253078	4.362814622
-0.127727789	4.004447614	2.86782352	4.028958834	4.577221784	5.145869703
-0.230580911	1.03600396	3.26596089	3.284788848	5.830311181	5.513531713
-0.3887141	1.013567705	3.217445268	3.687557565	5.988573319	7.993044392
-1.280826782	0.258707905	1.93330446	2.567069297	6.323991997	5.788351046
-0.30117156	2.197472635	2.747486343	2.514772604	4.909084705	5.658878734
0.540630022	3.945222115	2.680251135	2.89783485	4.728402015	4.970731355
-0.905124672	0.681443166	3.183234937	3.971147358	5.034971108	5.335495659
-0.087834864	2.396834625	4.737827283	5.313610001	4.652153279	5.365279942
0.332251128	2.184763868	3.676299271	3.813773306	6.231337126	6.441387249
0.495517385	2.848974466	2.418960684	5.186910675	4.049257172	5.669027032
-0.045049805	1.055610124	3.369659311	2.876518696	4.200272956	5.553613842
-0.750629731	2.918604128	3.304348829	4.493807179	5.217233451	4.645033311
0.01443481	4.463970616	2.332465189	3.463787399	5.221340966	6.455019807
-0.564113911	2.951446199	2.931720258	5.505787269	5.400809985	5.422246904
0.932803897	3.384646092	2.067735053	3.480694671	6.792137054	4.235955527
-0.20496899	0.653388942	1.113288146	5.053503271	5.373544051	8.935296467
1.945099954	1.548476326	2.283292193	3.903402823	5.811602962	6.12134915
0.519190894	2.660808435	2.168956238	2.862892299	6.107167164	6.300175114
-0.135870505	2.340088301	3.544486312	4.916112975	5.704504191	6.303682895
0.34222438	1.226953419	5.261466532	4.457833028	4.742260328	6.560805867
0.390100522	1.406128676	3.292468134	3.217679433	4.540217444	6.077411746
0.88772045	2.326902978	2.920376801	3.730248358	3.93761054	4.892560446
1.057579714	2.066908335	2.07067275	2.869181898	6.486918272	5.65734672
1.136064554	1.232258517	2.511223859	3.651527684	3.959268913	6.173513258
-1.1023156	1.974986423	3.425288479	4.034297265	3.093709832	5.902443655
-1.01125536	2.403540777	1.135532697	4.290052041	5.946498605	5.918972157
-0.065425408	2.846514392	4.135120894	4.940270885	7.051417273	4.272008719
0.162692622	1.793406164	2.239758994	1.688160593	4.804848631	5.316897315
0.326797806	0.243028244	1.817751615	3.472359723	4.316567268	6.47259019
-0.450276779	2.947390195	2.342726318	3.257755353	3.420180762	6.127969472
0.273016855	3.505606361	2.951629431	3.928095059	4.923576638	4.349683377
0.730208323	1.569619045	3.578997714	4.38146544	5.749967852	6.263979482
0.972995747	3.312900807	1.952575558	3.488900218	4.416407459	4.609164193
-0.216047234	2.470115343	5.100138007	3.806731095	5.222833242	6.292315926
-0.822400141	3.068595512	1.534432026	3.941044408	4.746505931	6.468779559
0.568925771	1.484169567	2.879562173	4.50424297	5.612542039	5.002873731
-1.671298812	1.124085829	2.044965136	2.16436867	6.779500971	5.776677079
0.063754695	0.413669366	3.487647732	3.980529173	5.230812734	8.296810669
-0.991838106	2.43178993	2.748779165	2.749664253	3.430171195	5.375913932
0.455929509	2.355119993	2.869529204	5.670628564	4.120542204	5.056328638
-0.931925594	0.990962638	1.676802899	4.129536987	4.529569394	5.801278464
-0.831378048	1.619106638	2.001695759	3.78808426	4.256332095	6.991722056
0.676034959	1.785006274	3.724813639	3.328264949	3.334994439	4.100430969
0.258529703	0.809987459	4.198359104	4.160176401	5.208903307	8.020056838
-0.269126484	2.815655574	2.380705754	4.057335264	6.015728888	7.375044325
0.785182168	1.259226863	3.852461569	5.262350361	6.288539116	4.813836408
-0.649088538	2.763711183	3.479620931	3.580724214	5.22636546	4.425899967
1.540617877	3.001140302	0.925873654	4.455027287	5.367979962	6.992765782
-0.02605092	2.910069753	2.322360314	4.161773327	5.171715855	4.955621758
-0.763326114	3.732193528	3.278225633	3.990633832	5.135755075	6.981656954
-0.049334596	1.734936166	0.902475852	2.760748603	4.179757021	6.173624894
0.235637647	1.600519479	2.371843104	4.505370488	4.615275832	5.747404362
-0.732418897	1.315982563	1.981078606	5.063494336	6.600452085	6.013462304
0.394401613	2.705474942	2.598392633	3.802185737	5.153971053	4.762534898
-2.232742969	1.950152254	1.293499954	4.530135986	6.141232272	7.683854521
-0.091507404	1.730029434	3.356873237	4.729074411	4.244563555	7.083914868
-0.035785415	0.647769533	2.915576599	4.897759842	7.006530278	5.476349477
2.009527205	2.019290437	2.883793251	3.274490641	4.242199271	6.410381429
-0.932300141	1.507522409	2.937430525	4.329967372	3.61782318	5.122451012
1.652941531	1.189057762	2.571760762	3.877895205	5.76215762	4.97728234
-0.199667069	3.449660242	3.318409574	3.606391975	6.335361891	6.732873484
-0.723695048	0.748287731	4.30291665	4.698688886	5.455531272	7.243032539
-1.33632327	2.597886814	3.615592412	5.111867889	5.113507981	6.92343633
-0.623864876	1.227614773	3.971291111	4.209913453	5.224654657	6.003166975
-0.691331818	1.877632103	2.311011586	3.495318873	2.678569376	6.954164424
-1.771462991	1.608642902	2.215988657	2.606780863	4.393551687	6.300960878
0.563184609	2.446181743	4.014377157	5.153517322	5.703607015	6.320285349
0.547656029	0.76844692	3.423078834	1.719806262	4.915191701	4.850432056
0.206832561	1.801194542	2.124037419	3.692618642	3.995491247	4.850825705
0.021665551	2.017267713	4.393501653	4.2649798	5.263663638	7.092561856
-0.676888108	1.976555482	2.709689511	2.427381083	5.653604582	5.930249276
-0.21539533	3.15349933	3.372236147	3.971996476	5.805767446	5.169843978
0.386825795	2.084168998	3.588348328	4.405318189	5.816303916	5.839198198
0.613795212	2.329881716	3.869025991	2.98355106	4.610637553	6.613050656
0.922011349	1.727703364	4.285248138	5.420748851	3.834513159	7.127914233
1.176682908	2.954080071	2.556336988	3.387615793	4.103647694	4.635884111
-0.602541263	1.178490005	2.621732521	5.152809498	7.07196042	6.746210787
0.599978093	2.244322279	4.511362405	4.491607033	6.207151518	6.815582339
0.149669902	3.447935751	3.383611941	4.544365212	5.916974196	6.53569139
-0.131676408	3.56964512	1.890917927	6.44061976	4.788083124	7.092975788
0.943409173	2.770590559	3.84512474	5.357867673	4.656706949	5.610099144
-1.399231203	1.90875952	3.205994194	4.492516838	5.599437328	3.776093422
0.347882266	1.626871959	0.238558222	3.604722539	2.881075361	6.898632706
2.259561002	2.065857189	4.11900699	4.513427542	7.379864344	5.96584688
0.180259454	1.491693309	3.117154553	2.479606083	4.953546299	7.80559477
-0.503643556	3.426274466	2.341657342	6.760008543	3.87659818	7.119393267
0.908079437	1.996749511	3.216976788	3.963693351	4.201597601	6.206507712
-3.525809857	3.386877419	2.211742002	5.141344853	5.505125925	4.735626578
2.230226797	1.574550088	4.490667415	2.892156834	4.97466837	7.207835178
-0.712966607	1.391179178	4.113910086	4.238607872	4.269560202	6.514378931
0.072847475	2.118386549	3.690912907	4.949764375	5.31079778	7.311515387
-0.181745904	4.35489044	5.110001717	2.193522374	4.660973573	6.934397451
-0.500175345	2.054042967	1.78970756	5.412624658	3.380545076	7.298457852
1.009899022	1.868752388	4.133982209	4.689950311	5.042715132	6.10927379
-0.866422038	3.451161994	2.430184513	3.699930374	6.243981493	7.453127306
-0.078833331	2.875068086	4.402509596	4.408094124	3.948560687	5.647628996
0.316479491	1.462998374	1.973458515	5.423613962	4.72635446	5.531563559
0.672428898	1.251707607	2.147814779	2.885536467	5.905541978	6.45045086
-0.688618971	1.028576055	3.431904774	4.77049501	4.764132967	5.60173618
0.339490748	0.498664796	4.823494667	4.5574642	5.43321207	5.300563528
0.152074589	3.167173177	1.360974163	3.753030611	3.691167321	4.963714445
-0.736606032	2.724108393	5.322082596	3.626288442	4.521774153	6.165792216
0.575314447	0.414082559	2.673383568	3.916874252	3.478508917	5.748871932
-0.603675369	2.134715942	2.412323103	4.192819247	3.645277571	5.561579678
-0.65970542	2.938562658	1.14236763	3.310528234	6.083094838	6.738747159
-0.462648178	3.589055336	6.391937139	2.881168515	4.241956906	5.905691678
0.191326435	2.903904969	1.84422942	2.531053315	4.805194115	4.959508331
0.735202496	2.546392087	1.534873147	3.150677973	3.721028554	5.620687963
-0.968989486	1.445384594	1.259683009	3.240019177	5.79474578	7.962654039
0.575315736	1.093103291	1.538699222	4.623412948	4.975960073	6.497699482
-1.232506408	3.249943989	4.967949797	4.461484672	5.114835865	4.537605858
-3.015985632	2.126749568	2.356996908	5.110096265	3.037487945	5.465727682
-1.177372065	1.424088604	3.986633368	3.094413537	4.557538375	7.134141658
0.564874974	0.605780334	1.632698949	3.493891714	4.025222548	4.721672
-1.753045387	1.269110782	4.538149378	3.361977591	4.145911518	6.460412261
0.720018108	0.92102533	2.831146021	5.661253877	4.445064345	7.152478173
0.324629556	3.321559313	2.427423026	4.802113059	4.083839871	5.53814899
-0.559475596	2.6992931	3.331310727	3.838013245	4.900270618	5.429981386
-1.224285382	2.992158402	3.277382368	3.188902688	5.783016389	6.693219472
-1.470162444	2.063338732	1.253015398	3.290001204	4.120636236	4.703491347
-0.959158304	3.194120109	3.022561597	3.368309723	3.04539694	7.460192211
1.533041563	1.955440147	1.913862742	4.282424267	2.618468101	5.775148305
0.387072647	1.56138438	2.232437057	3.224373561	4.922094076	7.300539075
-0.994936594	1.684143108	3.705449041	3.644663203	3.88375899	5.755753987
1.673246135	1.657384531	1.813191799	5.021419848	5.735286948	8.297893941
-1.355630816	2.288809725	4.822828954	5.320781047	3.86904259	6.563509445
-1.698570589	1.61791535	2.712283426	4.535763041	4.865609629	6.405137143
-0.181542609	1.741734696	3.282676017	5.20395026	5.872674695	4.648752267
0.153288086	1.869138514	5.422937036	4.150853258	3.385797934	7.683367072
0.482690687	2.465796426	3.588448463	2.952181898	4.602675164	6.185611266
-0.506741074	1.466030857	4.020591016	4.347837978	4.81138278	3.856226912
-0.84480383	1.517942944	2.065628362	4.932497833	3.901727682	5.60909626
-0.358823845	0.992212123	3.557552088	4.245486982	5.555640057	6.395953441
-0.702536259	2.263314846	2.436896478	4.325996721	5.688743815	4.785366435
0.321739767	-0.165624382	1.939552676	2.866415491	5.308140006	7.568433825
-0.570412912	3.45618518	2.436218926	3.02793149	5.942253597	5.194246001
0.887911841	1.597911738	2.022262762	4.809614043	4.185963864	6.094894863
-2.324610642	1.195686197	3.279473595	3.897521191	3.664102868	5.942981839
0.135416205	2.403373403	5.215374019	3.487948256	5.210442771	3.405098915
0.060870663	3.210026388	4.197546776	5.646052574	6.177947855	5.923005932
-0.848390235	-0.063174171	4.180604137	2.809317357	4.42401317	6.439860538
0.286898986	0.886756267	3.391259617	6.715230633	4.852962067	7.196512199
1.719809759	1.533369081	3.097805822	3.3697068	4.380770941	4.808952551
1.564522022	1.041797954	3.405371797	3.301210558	4.662806686	4.010740977
0.790245254	2.521902969	3.575194098	3.386457578	5.501631076	8.525859153
-0.716163747	3.710559784	1.559790356	3.843146564	3.750372747	7.016895129
0.819149963	1.288473198	3.564372386	3.087148276	5.162207122	6.047406753
0.709175653	3.530964867	3.498302103	3.752467795	3.223910451	5.586458861
0.530126246	2.50376832	1.527716873	4.812301336	6.090191087	5.890205207
-0.963042911	3.226535657	2.772657783	2.497844197	4.559159736	5.704572622
0.764019979	2.85981942	2.426082894	3.218852038	2.54151348	5.789438358
-0.835622666	0.969907416	3.107423799	4.681028245	3.446905897	6.501931064
0.871816963	0.760724151	1.264689619	4.936425422	4.744723615	6.381220802
-1.861718437	2.679460357	3.68163288	5.830223129	6.215973718	5.088631788
-1.890651672	1.422433981	3.087276125	4.237592446	5.544870288	5.620646914
0.087717719	1.858527081	4.818803657	3.768000876	5.703989804	5.574701561
0.546542185	0.385422575	3.539913	6.612117791	4.503819577	4.747109545
1.175529028	0.849165632	3.934110159	4.4446006	5.437524418	5.764388181
-0.672282162	2.224875777	2.39136449	4.507745669	5.518054135	5.732272286
-1.183278347	2.793610185	3.850376319	4.404413692	4.454070968	4.618803254
1.14027671	1.670067593	4.777635307	4.568745147	5.1134062	5.516061048
0.878779381	0.097471454	3.929255871	5.010031841	5.540557387	6.382784507
0.918861045	2.584120895	3.172463453	2.925850777	5.957144527	4.762135345
1.293771146	3.38531238	3.005387494	4.676467488	5.122940987	6.245530687
0.710361248	1.648349672	1.304514035	2.760631914	4.807259641	4.598172042
-1.094095931	0.343788736	3.10309274	3.589501947	5.427287626	4.211143196
0.614571783	-0.110658376	1.500599194	3.940801688	3.777637279	7.534506991
0.108975159	2.007483216	3.135802238	4.410652869	4.83485889	5.401999067
0.927655121	1.488620259	3.291859833	4.181607013	4.897610539	5.914204167
-0.962576364	-0.568306509	2.570176594	4.324011684	3.92438123	7.503904234
-0.298351318	1.777563006	5.502774003	3.414461157	6.17260417	5.979606738
-1.783188523	2.615698945	1.780953363	4.511676377	5.143083248	6.267643916
1.154544641	3.673508127	3.013481586	4.429477446	3.604450253	6.729562521
-1.347984573	1.878645099	1.66462833	4.58645317	5.860517965	6.115617171
-0.803376349	0.969901084	3.077894743	5.85143516	4.229526614	5.104903678
0.350824003	1.099331769	2.75878921	3.502285998	5.756220153	5.814625676
2.823916867	2.31074495	1.917192796	5.164237889	4.237396359	6.997780873
0.553025649	1.550953378	1.937976826	4.900867018	4.311391426	6.111554155
-1.55275017	3.002844036	2.256592007	5.846466315	6.064588713	5.036606456
0.181936801	2.379147072	4.169677755	5.172850897	4.271050816	4.139940955
-0.577336715	0.876202592	3.054999037	4.138614562	5.122506425	6.062166169
-1.950543918	1.848742188	3.609826806	3.72459012	3.792363304	5.367982439
-0.136764741	1.22707963	4.121498279	4.030173534	5.502431084	5.253726823
0.761879633	3.000911212	3.908139319	1.733934817	4.557514683	6.127728807
-0.968890195	2.206886333	4.74025401	3.614800758	5.060900088	4.094477177
-0.988042486	2.747012983	2.486919717	2.509687871	5.219229657	5.47751168
-0.638381769	2.94605855	1.38805032	3.439304444	5.017585887	5.716172342
2.193151621	2.079032384	1.966489746	3.187738548	4.194759918	4.777299783
0.031152516	1.703044387	4.109614706	4.473241384	5.32189783	5.063854238
0.543972052	2.048012293	2.093155164	3.67190801	6.715085458	6.029232545
0.217766686	3.085354655	3.254461507	3.476109028	5.609104728	6.598731479
-1.09882898	2.983351647	3.321590328	5.092501336	4.484963085	6.131018813
-0.589518215	2.446062275	3.314688377	3.038140702	4.554770147	7.847715095
1.667520384	1.103229352	3.827115131	4.817392833	6.353584736	6.908764631
-0.734976612	2.101328311	3.51266616	2.837557873	5.064561695	3.973828582
0.639638434	0.498748194	2.933196491	3.358247001	3.61055722	5.613681478
-0.748467399	0.883156777	5.361447505	1.687983603	5.76722537	4.739362867
-0.901412019	3.13169331	1.334808664	3.870247361	2.257259078	6.447108846
0.252283086	2.369916552	2.574153148	3.036675301	5.909814689	7.688653999
-0.237577354	4.342725283	1.82697839	1.514696879	6.671201995	4.57813796
-1.851287815	1.649993382	3.153300997	1.235230273	4.218565892	4.115404132
0.729673505	0.657222974	4.131498096	4.916197711	6.869662087	6.365184006
-1.143963669	0.770874818	3.021808796	3.112115875	4.133964748	5.915416812
-0.024797223	2.205452128	1.437765936	3.391314086	4.499108242	6.641819304
-0.486889315	2.563495142	1.270399726	2.305632152	4.741978497	5.564421199
0.766716402	3.52615935	4.078570547	3.184506974	5.331924457	6.141010282
-0.614327334	2.259608041	2.287896069	3.532754225	4.620726464	6.350517056
-1.79899603	1.630450797	1.731026397	3.69209451	3.796563354	5.823226048
0.207448128	2.273355251	1.946979461	2.991247498	4.639346026	6.179264047
1.203299003	1.839874936	1.264212389	3.670511927	5.002013099	6.263050046
0.413859692	2.71850372	2.681560635	5.979511799	5.132023189	4.338300587
-0.21182587	3.044400028	3.197966692	4.374536784	6.477328037	3.502128982
1.014695419	1.685642335	3.050137387	3.08074662	4.444988268	7.64958758
-2.411822493	3.009774564	3.092622623	2.732293513	5.890842522	6.695810376
1.573156846	0.363131962	3.93279341	4.998941797	4.97117364	5.941143525
2.334640837	1.676700734	1.887471402	5.604889979	4.238353211	7.030131956
0.713910736	2.927041386	3.52180952	5.524694493	4.366302981	6.534003661
-0.360209193	2.436794556	1.706842164	3.154264817	4.340273904	6.769546987
-0.299812696	0.73477551	4.40621006	5.56260389	3.915911187	6.657216613
-1.313766158	2.572778017	4.228537907	3.440163175	4.475143586	5.03536193
-0.764094513	1.390388086	2.039058313	4.309710301	4.802498172	7.110284434
3.439450083	0.627028851	3.363838384	4.439712583	4.379821702	6.683640975
2.152069362	-0.311156138	2.61371031	3.773129	6.614811838	6.08128
0.246837339	2.165146592	3.775510481	3.94094936	5.210910215	6.480329461
-0.814876394	1.118977599	3.404977268	4.425815314	4.058448663	5.554665871
0.10322012	2.201610938	4.41383252	5.244746352	7.629704469	5.760150107
0.139699912	1.988268735	2.708170276	4.678843465	5.204610909	6.906179233
1.235498521	2.251778558	1.52116645	5.470244551	4.845628382	5.23302741
0.478661683	1.960240737	1.989934069	3.17242105	4.882801465	5.341165061
1.107447082	0.960922055	3.435007966	3.784414037	4.147041468	5.832216469
0.055326429	2.171681541	1.375448478	2.756673579	4.145182278	5.449426185
0.312705798	3.598213989	2.548882095	4.571948808	6.415170455	4.700196251
-0.823372127	2.053727774	3.427704805	5.140092048	2.527067367	6.700745426
-0.394299245	1.843652907	3.162766603	4.741341854	6.764206515	5.535936618
-1.081631054	0.37922491	3.866141824	4.942313696	4.972728865	5.836327477
0.080576375	1.534969497	3.784712187	3.538687302	5.662426726	5.279635353
-0.15393024	2.070876729	4.466073249	5.249198446	5.223572578	6.26576582
0.803065028	1.515748407	4.342972225	4.67411888	5.905020736	6.643722204
0.225377545	1.741735265	1.083661212	1.930140052	5.460690995	4.227329102
-0.739938543	1.332586829	2.082427267	3.023349688	5.9458878	5.81507818
-1.179319064	4.589922287	2.576899015	5.597039853	5.059496097	4.606761585
0.222592727	1.157149684	3.505263213	4.449802889	4.79516434	8.283112442
-0.913653987	1.183186815	3.580520776	3.852010842	4.939685851	6.333584004
2.14548118	4.494780215	2.563008317	3.22692442	4.570143635	7.131887524
-0.029768213	0.547146307	2.716305684	5.539990207	4.555017828	5.124027251
0.033898446	3.615654199	4.447897831	3.924382603	4.471726968	5.702078516
0.569256329	2.42552866	2.438844627	3.825214577	5.335490492	7.32773231
-0.096990366	2.952861744	4.695938682	4.47998717	3.174498879	7.067507104
-0.817314175	-0.104476479	3.577818656	4.540562927	3.172123376	6.997647569
-0.755347959	-0.716731428	1.445931119	4.695483681	5.437475141	7.25954139
-0.322135098	1.671477945	2.539398662	5.169645071	4.839806906	5.634872217
1.537000042	0.725957813	1.492809947	5.261360567	5.432927994	6.794294564
0.016331074	2.924573093	1.849749672	3.814232962	5.37407202	5.741078042
1.616856096	1.320651138	4.600566097	3.685889311	3.856891279	6.326151105
-0.403622531	2.32114674	3.449773721	2.105301816	6.111219316	7.288872684
0.118805477	1.698304479	4.882686852	5.060716243	5.428159925	5.869887046
0.378236723	4.459211722	2.948025775	4.000754748	6.206975441	5.347009127
-0.457429132	1.275696158	3.574773115	4.673986333	4.155940422	6.420035928
-0.578883056	1.671347846	4.1755224	5.500990106	5.660126062	3.641265828
-0.170921864	-0.500598299	2.162826965	2.397105782	6.094988017	5.414182549
-1.410994763	2.535415786	2.11045064	3.699678442	4.924729266	4.735743553
1.438600991	1.842154819	4.118592948	2.960978461	5.059728212	5.517518724
-1.252328385	1.988056645	3.165342064	4.678214998	4.994269783	6.803090904
1.812282697	2.493330433	2.789902304	3.779867294	4.231189657	5.250666978
-0.284848691	1.821097591	5.20174543	3.742190236	4.772575804	5.9218885
-1.55493459	1.39742681	3.602052528	2.11300908	4.811637185	6.392055702
1.326225561	2.431912911	2.714701034	4.175063673	4.652131653	4.699468746
0.886538301	0.576937367	3.105257503	4.981635407	5.86270367	5.695089242
-0.286068975	1.285844497	3.065101876	6.290659148	4.414591473	7.100592065
0.507275003	1.994259276	3.434672142	4.913460241	6.560350071	5.38288185
-0.149787103	2.76908416	3.012619258	3.146316706	1.767848506	5.303066273
1.149666934	0.867480537	3.611661135	5.564464455	5.605631595	7.495584563
0.818064651	-0.144139685	3.005480047	2.299621482	6.112757508	7.772715943
-0.712103096	1.150696715	3.457203871	5.600832064	3.757061713	5.430217694
-0.765056712	1.343685146	2.558340139	3.600162747	4.607699238	6.360060424
1.710700712	1.70294784	1.257643668	4.52333799	2.877748233	6.163716462
1.793748388	3.5821426	3.585704915	4.170535666	5.249538984	5.642060896
-0.467877895	2.196354267	5.22759055	3.341188954	6.298818664	4.747004539
1.438916193	1.926239671	2.611373226	3.687107162	5.413976312	6.016424726
0.710509801	1.508908296	3.213845242	3.59390124	5.058950429	6.191548291
-0.199949661	1.96809883	2.582795305	3.756933101	5.212075597	6.536192067
-0.215459961	0.738931323	2.609964519	4.180745939	5.330710396	6.916214817
1.680376978	2.198484455	2.811772473	3.480554469	3.525197177	5.65371598
-0.068093326	2.919380616	3.35501712	3.284968679	4.745261774	7.667406329
-1.081444918	3.624367532	5.406215738	4.143232951	6.409678188	5.77250655
-0.720408803	2.867113219	3.444583615	3.160206361	5.329164721	5.513038448
0.383728884	-0.047482915	3.438100243	4.219974303	3.818476655	6.377095682
-0.482566032	0.622895195	4.339240413	3.862421455	2.879552019	7.340524214
-0.765858425	1.481054028	0.833166585	2.634123952	3.55084606	7.871089045
-1.328886313	2.280921037	3.022559613	1.833282277	4.469157505	7.881229405
0.097188857	4.260478763	2.630900689	3.155491269	6.038108074	6.005137631
0.446865956	3.120436395	1.67113349	3.178359178	4.747762857	3.1424888
0.842531101	2.118687419	2.020246998	1.720062926	4.765654538	6.302154428
-2.944710672	1.247300449	2.16777309	5.224939278	5.054238318	6.033232518
0.821502761	2.938192404	2.439305022	4.888946444	4.42267058	4.503284549
2.077415621	1.67558391	3.242894439	4.640007046	4.425586892	5.749856471
-1.333018616	0.19970525	3.152784805	4.742980512	4.764075527	6.873687007
2.02478306	2.853899213	2.819103971	4.088724238	3.475239923	6.459022393
-0.372663626	3.414068658	2.049095761	4.650983105	5.734225063	5.704978078
-0.155035387	2.703426529	2.072847905	3.365501851	4.60218514	8.145787919
0.026126501	2.426922052	3.621805402	6.500799108	2.568280881	5.593678768
-0.229499423	1.769894979	3.440792349	5.615498142	5.586306965	6.284508028
-0.023382791	2.243003032	2.92914747	5.150939373	4.174018586	5.397384152
-1.244141018	1.506788275	2.744333284	4.799037634	5.180488477	6.996834583
0.410659507	2.881162819	2.279594818	4.973466469	6.102547602	7.775569753
-0.768477153	2.526172358	2.067352995	4.287131456	6.14971082	6.222900514
0.749341454	3.928370355	1.4678777	2.801556084	3.370350776	5.651174335
0.742010738	0.672409922	4.32006927	3.692064112	4.686169807	4.089005053
-0.696834764	0.627702047	3.495578537	4.278804362	5.828353405	6.403940089
-0.164771914	2.074293545	3.285896998	3.957081921	5.28404874	4.897490511
-1.268806586	1.85412278	1.696065556	5.687504121	5.179809489	5.101478061
0.056569416	2.62498019	3.63981888	4.320077312	5.617386888	5.424926214
-1.38979513	4.030280707	2.521567215	4.813892049	5.467260539	6.856113564
0.092322471	3.195489689	2.612330985	3.305819063	4.912125707	6.015431326
1.681430925	1.978644392	3.726170122	3.121195384	5.424804423	5.473239238
0.429592948	0.568644104	2.528343443	3.957479862	3.499783788	7.908867954
0.156294069	1.542425682	1.939180379	4.584510576	5.46292744	7.499908842
0.701352445	2.601050383	3.155271797	5.963853607	4.69610857	6.322906748
1.119693585	2.994235106	5.449779662	4.415965034	3.263055897	6.765215862
1.038177742	3.646201499	3.370399469	3.966833713	5.102467476	7.824155681
-1.653032481	2.864910787	2.063735235	5.106493781	5.877301318	4.683766354
-0.535863181	1.08684361	2.617305815	2.705578191	5.277845003	5.4026761
-0.771019426	1.542712344	5.017288299	3.103459202	5.048833085	5.64240921
0.901609229	2.420748502	2.4308714	1.933960203	5.004937844	5.677258535
-0.197851819	0.637934455	2.749195408	2.727078372	4.45804178	5.604848497
0.57110973	1.741479083	1.878269046	3.975003609	6.925726843	8.105415745
-0.745797131	1.877629545	1.402088891	4.576793477	4.399214332	5.620898628
0.489412045	2.682112021	2.905452578	4.217333645	4.494364309	6.362292218
1.780936091	2.174901417	0.965643785	3.651840501	4.328652941	5.27455388
-0.579629311	2.523095809	2.380517604	2.437843236	5.284897598	5.879667622
0.662714578	1.599868671	1.243819094	4.986002419	4.322565654	6.27225807
-0.462318789	2.65917261	1.664528525	3.170507473	5.174035719	5.948918508
0.939995684	3.500603199	1.253675095	2.41364154	4.533830951	6.961058609
0.465264889	2.186278154	2.83452407	4.031884044	4.735525069	5.36967707
1.106002528	1.775108227	3.635595909	4.506065811	5.098607805	7.790108887
-1.43341848	1.687052669	4.734316329	3.949015559	3.565772426	4.689065364
-1.710161006	1.799733358	3.379336821	5.024627504	3.844749596	4.475499111
-0.440766076	1.755544203	2.235108039	3.902175561	4.835089938	4.921713972
0.941985431	0.684794484	3.083267782	3.313195132	4.061845287	6.560061883
-0.707778725	0.96432301	0.400613859	3.731682719	4.190564985	5.182920378
-1.356792711	1.608168807	2.93509559	2.58991353	5.595675944	4.118723145
1.468922449	1.471538604	2.657939828	3.605598353	2.24763157	5.890846219
-1.358399077	2.773701841	3.144617994	4.030020111	5.94660177	5.199438824
0.277747274	0.595383521	2.48929463	3.515663364	2.937796379	6.185430764
-2.373789453	4.705424456	2.413354718	2.988800077	5.231905855	5.681348329
-1.390799991	0.014318015	4.264946712	4.245039241	4.922933252	6.719666743
-0.475238744	1.201024969	0.632547258	2.867493797	6.654233983	3.367571822
-0.007473903	1.479399303	1.678356061	3.738849269	3.932118186	6.707928246
-0.929593047	0.765398062	2.997175414	1.475522788	5.511169983	4.646783954
1.788476978	1.969783233	3.711505346	5.22101999	5.172285419	6.529921635
-0.863749281	2.760347695	2.697538944	3.05127935	5.205765088	6.530061544
0.332201608	1.469040784	2.445651055	3.95928472	4.643020156	5.380443311
-1.824263123	1.887938561	2.700832645	3.581875403	4.58065338	6.601445652
-0.222671688	1.11126962	3.16076233	3.975407715	7.012374845	6.710321765
0.740731103	1.579458368	1.68998331	3.958950191	5.021618701	6.248803612
0.618315223	0.733777792	2.036325307	3.855251709	6.192607706	5.898922848
-0.439127129	1.707612024	3.087336021	3.182500512	5.797072554	4.658707478
-0.448009471	1.366883367	3.326486847	4.718033	4.959439349	4.551114345
-0.888725581	1.069756086	2.05093625	3.050165195	3.295136322	6.056590972
-0.786042942	2.325152352	2.874157314	4.617197772	5.104442205	4.155202186
-0.658740867	2.707111212	3.683267945	5.035945449	5.644789944	6.377059308
0.717982138	2.9135313	2.731939843	6.017754148	4.781215357	5.005197382
-0.647214604	2.240160033	1.768073131	2.539328914	5.45694735	4.802983044
-1.218053081	3.006239474	2.498635752	3.639760576	4.986689937	6.018348957
1.033177069	2.439489522	3.580982105	4.756571731	5.691389908	5.859159431
-1.951008836	0.884466756	1.538913656	3.941196979	5.219976591	6.462055446
0.496757515	0.569736545	3.371915053	4.057000226	6.555398642	4.288450931
0.283447336	1.399714873	0.780341215	3.652374505	4.023628494	6.44119061
0.133905454	1.563904915	2.775238428	3.308940827	4.815164605	4.419804679
0.549852921	1.538843907	4.187900098	4.458831435	3.812294309	5.769467928
1.347241886	1.39251084	2.8628258	2.885806547	5.742860984	4.760842725
-0.417261929	1.450529425	3.58274939	3.730091928	5.57530523	4.578048315
1.241520775	1.55851939	3.705138283	2.479411853	4.31718566	5.822632802
2.517124326	2.458924166	2.766088893	4.846018551	4.23278802	6.394756649
1.843120677	1.455529207	1.934541127	4.151751657	4.567421795	6.586725118
1.224968367	3.463627144	2.244563414	3.206377573	4.431714902	6.626665507
-1.335766965	0.94364518	3.479736644	3.993779122	5.381546599	5.216757916
0.896310097	-0.021820121	3.26787554	3.333457229	3.643593251	5.429885005
-0.216518629	3.402971899	3.839271952	3.228014234	5.339385355	6.395235711
0.397794886	2.088185947	2.613171725	2.46628832	4.134106646	5.68349989
0.883940442	2.265746538	2.868644604	2.475546129	4.429383437	6.520976671
0.513429488	1.507944393	3.148499013	5.09187653	6.391495144	5.937882432
0.082568455	1.740454269	1.725394275	3.336197741	3.721049842	6.865002702
-0.091578169	2.620133272	5.570647833	4.705894448	5.113812534	6.723943826
-1.104341105	0.964328286	2.689659697	4.492490485	4.642282133	5.019926485
-0.956297605	0.9032479	1.65120158	3.718677391	4.577843204	6.798930784
-1.117953889	1.812277512	4.653494877	5.685675135	4.30263893	6.539424922
-0.302890215	1.547725612	2.152118309	4.326490317	3.858733711	7.279792094
0.193558409	0.44578364	2.723300873	4.813386584	3.964243	4.599055954
-0.095730402	1.118368322	1.893171312	2.858317705	5.807539962	4.029382167
0.573901706	0.571464008	3.613462228	4.049487528	5.87386281	5.967236153
-0.187253909	1.144559134	2.418360581	4.348747325	5.428202013	6.278699453
0.256671702	1.999531829	2.845215429	3.477500268	6.015358181	4.232285015
-0.817115303	-0.328831535	3.164068374	2.192938897	4.580275952	5.480984659
-0.828038283	1.900739768	4.12235849	4.775579447	6.518487077	6.522419092
-2.010953895	4.439063078	3.208023414	2.065023913	4.915209536	5.150836463
-1.923934027	2.023800113	2.639993679	3.314453019	4.228263282	3.749588649
2.122804418	3.134710805	2.149344411	4.826156198	5.650341616	6.195852561
-0.452063336	1.018736204	0.881852363	4.820254633	6.151636651	5.736070724
-0.245486153	1.26110939	3.245043718	4.092594443	4.9858248	6.479649158
-0.512059676	2.169326626	4.571947473	2.731035131	5.909637949	6.583614132
-1.904785176	2.84052647	4.532970998	4.326189008	6.220289701	6.505149472
1.295311577	4.15217247	1.321178689	4.221011093	5.107105992	3.207938503
0.510454549	1.615515103	2.855886848	3.784129501	4.305357849	7.732306968
-0.838959518	3.331602166	3.647387101	2.868993916	5.588227196	5.606033572
1.248019903	1.385173941	3.847081067	3.665660064	5.930781934	5.242393539
-0.069119073	1.209617901	4.328574767	4.512865736	5.750655261	6.013151593
0.741326042	2.258991152	4.161763412	3.483041067	3.267592633	6.732480801
-0.717045444	1.615715192	2.546166821	5.061689286	3.187528045	6.027687834
0.440529512	1.925974729	2.052583443	4.704923584	5.251634388	5.470346836
-0.567948898	2.73291826	2.625442637	2.474334261	6.378570865	3.516860184
-0.354934033	2.153559272	2.465795785	4.811852158	4.161176529	5.224600294
-0.594605871	1.433241316	3.197567432	5.570863935	6.693337029	7.217990519
-1.4163638	2.165253014	1.906179942	2.557139143	4.115804454	5.807525111
0.307959702	1.550402223	4.075023915	4.24678771	4.409233367	6.717975779
1.931949983	0.499038118	1.891780601	4.827247194	4.999044468	7.014456531
2.17361128	2.651073889	2.784833537	4.822056108	5.830972568	5.720056786
-0.243048883	-0.871821895	3.539709197	4.94068325	4.528634248	7.197342925
0.331557961	2.717593662	1.675206921	2.73175757	5.418498433	6.868390162
-0.322530078	2.781206196	1.938336006	5.222344009	4.724051119	5.809002913
0.361600467	2.048002698	3.075701859	4.080370626	6.542366226	4.900441926
1.382590897	1.544596612	1.357619053	4.195844802	5.05079602	8.34005661
0.660988256	4.068608533	4.281013078	4.707877751	3.212691758	5.62474619
-0.699122575	0.786822876	2.449300223	4.890978847	4.600399724	5.266179387
0.113415534	1.933142666	1.770293079	4.035753316	3.502980891	6.733087507
-0.349626921	3.198233899	1.422267026	4.762145304	3.72947151	6.25856151
-1.319088069	1.944323778	1.502421868	3.847195171	5.634066825	4.929432256
0.147115534	0.981284722	4.058251675	5.154703068	3.777175215	4.635342237
-0.864911157	3.826112617	2.350416274	2.883461628	5.403021709	5.065131215
-0.600009537	0.923718048	3.339237248	5.745199754	7.018412312	6.16239616
0.110767177	1.360359125	2.406408794	4.443430221	5.578999126	5.940707099
0.015047433	3.014128762	4.546066367	5.077559483	4.683681853	5.626241831
1.717095359	0.742457212	3.562112967	4.677641229	4.961562111	6.300189346
-0.039846363	2.764028315	-0.632566724	2.776570506	2.517792071	5.322356257
-0.031383392	2.061916625	3.483926561	0.808110213	5.863497674	6.309090932
-1.520093719	3.024323641	4.224637336	6.047890558	6.098624127	6.642407859
-0.121853012	3.773901457	2.510455472	3.900962833	4.702728489	6.233282287
1.505648494	3.245781763	1.438499595	4.189042487	5.536942605	6.303704478
0.928214671	2.459317788	1.569061375	3.235525429	5.890377339	6.710399633
-0.456561897	2.507584129	2.339229869	4.018674682	5.565452554	6.001704913
1.453995703	2.682399691	3.193636501	5.106891848	4.931643594	6.223184834
-0.748344117	2.394938784	3.47233406	3.609615727	4.009734944	6.266398052
0.770856903	1.317284773	2.175284701	5.85336772	5.597560963	4.614077859
1.189475345	3.372466086	2.638911983	3.299754584	3.859244609	7.232769732
-0.951173854	1.628115293	1.558714199	3.244145677	7.30417428	5.862466423
-0.841345747	1.742959691	4.296605556	3.596473059	6.264964716	6.002332243
0.400606022	2.485525336	3.264360213	2.52681802	4.087058397	6.760957431
-0.055276779	1.581279443	1.542603546	4.527361733	4.116515628	6.177346803
-1.027465916	3.178396309	2.670950128	2.752931049	4.900797622	6.423387092
-0.682583421	3.23820782	3.062552361	2.872562489	6.918851364	5.040486479
-1.588431245	2.444263007	3.898222317	3.683540484	5.411493202	7.187304286
0.420388303	2.267217788	1.469559351	4.078891346	4.546014281	4.412617428
0.482018717	0.755800609	3.617235773	3.404947912	5.746949922	4.716196831
2.283895432	1.289276994	3.306221912	4.664228828	5.882514527	4.64783799
2.186796298	2.117947795	3.0133783	3.265712705	5.172128747	5.535250949
-0.706216747	1.420900119	3.988929994	2.863105183	5.539911547	4.927435081
0.258704508	0.346943994	2.410125764	4.91713976	6.356680772	5.242164154
0.687507061	0.618242907	2.189617393	2.76678126	3.753668063	6.150278395
-0.123940836	0.613484399	0.335128459	4.831160607	4.727849523	5.779932021
-0.110284928	2.124641872	2.531577565	3.31884565	5.538847862	5.787608738
0.876044485	4.185153947	3.13214461	3.551770757	6.671693431	4.728756369
-0.070071304	2.276641112	3.917075455	3.541746331	5.64656374	6.271709441
-0.681717098	1.885182781	2.381875779	4.110207027	4.842742281	6.861147058
-0.575089303	0.143817059	2.563607326	2.973272763	3.948991233	5.579398914
-1.003201581	2.47948463	2.818585063	3.818675811	5.147941338	8.762424104
0.420097774	3.103006638	3.382815365	4.087473262	5.087295104	6.818506584
0.277241	2.082211938	2.132407859	3.503543866	5.866517675	6.240069642
0.12375459	1.436321706	1.512103736	3.011144486	5.463441161	5.622547625
0.536450395	2.528893939	4.014755141	3.420790026	4.560226301	7.590858937
1.003687135	1.872432197	2.87198607	4.197493619	3.754240257	4.856014057
0.187179976	1.510007038	2.966274492	3.413784545	4.052648326	6.019378
-1.862610478	3.148810526	2.047418251	5.517249897	3.442133822	4.643421469
-1.552577131	0.21263529	2.184945431	3.998707464	5.420410773	6.982703305
0.994457281	0.192038365	3.657056241	5.573323259	5.271624068	5.226294058
-0.811385109	1.876516587	2.986843183	3.000718065	6.704180563	6.651275716
-0.607802111	2.74508028	0.502421152	4.761486021	6.405592277	6.644685721
1.206053683	3.388211538	4.316995394	4.926229424	6.24826869	4.89952466
0.240357394	0.960511897	3.044644288	4.689526875	3.608124301	5.907182258
1.648950765	1.485746948	0.840875389	4.098787465	3.576974416	4.566936368
1.536857741	3.598408773	2.687790804	1.993884732	5.111985525	5.015133951
0.493437502	2.039516275	1.32047694	4.761198051	4.316140247	4.005223593
1.024519509	3.460573695	4.238256586	4.018345195	5.25270707	4.946377832
0.958455993	1.055654029	5.010347746	3.166456481	6.632592406	5.307117496
-0.356815325	0.648458321	2.571150504	3.99640022	3.8780363	4.418480361
2.531126115	2.197692662	2.569100574	3.72738411	5.747819007	5.304905428
-1.03082648	1.994348078	3.793214496	6.001470785	4.368443902	6.90439729
-1.179288411	2.2712284	4.265997593	4.812854296	3.756414282	6.003392981
-0.92019809	3.202465889	1.579194134	2.790368525	5.9776755	6.058185172
-1.317389879	2.371273507	3.307337501	4.427200367	5.40010126	7.494331217
0.799043702	1.53741515	3.000581201	5.701814409	5.769622799	4.587861423
0.049493313	0.928903105	3.392393549	2.927107642	4.374768329	4.600769601
0.606417728	1.763197288	3.196487331	3.993382044	5.910326758	4.778139815
0.239080167	0.586256687	2.788065446	4.190265054	3.594291834	6.403403097
-0.431664778	2.048485366	4.051217561	3.975581784	6.133582914	6.974416563
-1.188474277	2.14779377	3.230452892	5.676289902	5.055477666	5.165680658
0.90003358	0.853492531	4.023018113	3.147747237	4.342506558	5.527546406
-0.433539595	3.569017159	3.194836455	3.251113881	5.550866876	5.612354163
-0.908130105	2.612087688	1.559740873	4.887692907	5.05329345	5.533499984
-0.048416213	2.449209038	2.850251717	3.717136065	3.116929254	8.285419834
0.115294319	1.658340298	2.603193522	4.283434404	4.604109305	6.762562023
-0.368476815	1.483612603	4.103857523	3.896155157	5.002969326	5.116092842
-0.723240087	2.357908015	2.843365522	3.03973497	6.306020163	6.88543575
-1.307167368	2.192346779	4.372452341	2.873220596	5.606680763	6.295436649
-0.551062401	2.968660475	2.848485509	3.526744576	4.211073611	4.937215742
0.943649846	1.286412206	1.416923369	4.302448461	5.335418872	6.39926003
0.651774307	0.994837192	3.969275691	4.237217788	4.04320562	4.591655915
0.396322042	3.298185011	4.141694742	2.93496885	4.669106276	5.668722073
0.168600685	0.419683662	4.15150721	4.528035395	4.726326709	6.215843896
-0.575395793	2.275784218	3.272091131	4.417427611	4.26794923	7.017378983
0.343940466	2.000031169	2.241254763	4.182867366	4.025853952	4.692379664
-0.020818366	1.824710096	2.437393204	4.581069529	5.434942537	7.012599202
0.408155257	2.301816632	2.77327911	4.867757058	6.279113317	6.038031221
-0.244319871	1.275651694	3.386160352	4.571232537	6.032545813	5.716409417
1.29028298	2.673111785	1.518585561	3.162510603	4.628745367	3.664645647
1.083066442	2.010977426	1.313513454	4.079456952	3.692805978	6.619214098
0.827204457	0.426684206	1.882500212	3.752550062	4.329646154	6.305160052
-0.202781533	1.474507363	2.052457629	2.950998109	4.321153269	6.978716057
-1.36213566	2.467084493	1.546490339	3.632686599	3.704396286	6.687240972
-0.899691582	3.698317557	3.945242863	2.63351038	5.012885538	8.537219008
0.114060466	3.426494375	2.535246558	4.445568394	5.826254447	5.637459457
-1.122542937	1.690322059	1.478240449	4.301830385	5.618220701	4.886794154
-1.421034966	0.290884876	2.710037452	4.451903043	5.770246542	5.024460373
0.39024285	2.155105029	3.34101001	3.459164086	4.144106089	5.99448192
-0.432159256	3.01250769	3.450997951	2.475314622	4.772977455	5.272058919
1.436372968	2.557294085	2.388821127	4.511503441	3.838921972	5.832258763
-1.886187325	0.736363748	1.852919802	3.768312549	4.582353169	6.294179055
-0.895090642	3.405415176	4.710705904	3.353191454	6.432615729	6.515087923
0.989809726	1.644517333	3.70264926	4.063009668	4.861635927	6.542677647
0.601655314	1.738825444	4.776369268	5.257042666	4.553655843	6.387507422
0.803237854	1.175251545	3.264961761	4.085987753	4.879453322	5.825787057
0.404414198	0.824305184	2.803516939	4.2547991	4.711415868	8.03268792
-0.71485286	0.316479663	4.222659876	4.243839539	7.001951588	5.113902427
-1.691445942	1.593110452	2.355239521	4.870692278	5.841448963	7.065799062
-0.108338647	1.409798261	3.218987586	4.800825513	6.496048959	8.496787842
-1.056289212	0.539651606	3.017605722	6.397376236	4.777667176	6.539594359
2.129685041	1.181167953	3.146868432	3.668522724	3.941107131	5.475451296
0.585876829	3.318003178	4.225352462	4.189060665	4.499635579	6.315990536
0.407238249	2.186730546	2.41722346	4.22722822	6.89102831	4.047719415
0.894711366	0.614147941	2.100469762	2.54453857	4.454183911	6.882784252
0.890676972	1.827158107	3.501596187	4.30111975	7.023381596	5.157614458
0.412957147	2.374881174	0.757953528	6.467797585	4.937268721	5.87077376
0.364172149	2.910419388	3.745187583	4.423311271	5.356264779	5.308884999
-0.457733362	1.996699222	3.362255202	3.790864289	5.590030073	5.776270872
0.471326022	3.091057507	2.668690168	3.061384502	5.034109271	6.745464874
-0.881508416	1.264491562	3.205984079	3.317724935	4.972875771	4.197228408
1.071279024	1.50886108	1.942436117	4.394590205	4.529413347	3.674032233
-0.071370441	2.267110913	3.051207886	3.864254425	5.398471977	7.178875206
0.119371882	1.552485218	4.072126957	4.818679295	4.586220493	6.688839093
-0.726939318	0.658744849	2.562730681	4.407125974	5.362901413	6.912676799
-1.019507371	2.407733314	1.497118174	3.175354212	5.08679728	5.248010687
0.438506148	1.310092478	2.067471111	3.722235247	4.886231846	6.228578897
0.452419287	2.362372141	0.684607185	3.55792725	5.088759042	6.644380888
0.610416321	2.789362696	2.867164004	4.159126533	4.995363378	5.160035619
-0.596767544	1.13523696	3.476633547	2.239074797	3.610314629	5.02941458
-1.515845604	-0.555699005	3.787440178	4.574436404	5.026132469	8.326171046
0.191770788	1.126122992	3.200493465	3.309494004	3.647532024	5.841760698
-1.105418892	2.149676104	2.578666767	5.371540318	4.262862338	5.560150754
-0.702638697	2.916784488	2.854080897	3.622286798	2.956007979	6.756577218
-0.927246033	1.68376689	4.952496726	1.684614889	5.880761936	6.21420967
-0.075238352	2.688515771	3.664444892	4.542928358	5.338518662	6.654942178
-0.479343752	1.367245818	5.817184652	2.896998243	5.336868495	4.486520816
-0.216709872	1.536373793	2.578667841	5.651591203	6.014452044	4.997316691
1.33242897	1.530976259	3.233546927	4.163442405	3.937760811	3.794889248
2.068965356	2.623947034	3.064831178	4.964323565	5.436346429	5.58064031
-0.004387582	1.112355386	3.804925141	5.034037073	5.602617565	7.347538857
1.374832511	2.416748874	1.7809573	1.279808939	6.851401818	4.980878569
1.442776233	2.17068607	1.671126874	3.345913311	5.462634584	6.15879453
-1.805591159	2.0270296	4.624011459	3.992532175	4.298735719	5.864285992
0.710187592	1.899102575	3.094013387	4.900957685	3.609225855	7.291353811
-0.095978015	1.116011003	2.028583152	3.772178476	5.491853866	5.060872168
0.425489277	1.950420449	4.07106559	3.876935035	5.117470266	5.078767759
0.126224715	3.108704542	1.167259051	4.680478372	4.285291942	6.638893362
0.709639572	1.425032166	1.601294116	2.301387653	3.220788644	5.473522016
-0.240138432	1.810733145	3.956806736	2.877335328	6.071330611	6.630940487
0.130440913	2.004101147	3.304374799	3.265796365	6.796504988	7.113811846
-0.361124381	2.891584631	3.212212251	3.587733446	5.814776861	4.29064694
-0.66176592	3.977815041	4.491798511	3.141876273	4.840779748	4.639517007
-0.478763995	2.444430309	4.470985304	2.963193118	4.640009352	6.184658525
0.772106344	3.590483637	2.789171067	5.272527979	4.313667958	5.473821786
1.847681054	3.127563394	3.231778999	5.379037038	5.178513229	6.328715725
-0.146755208	2.464851693	1.744569938	5.325738785	4.374567346	7.134176682
-1.94874504	0.480319226	3.173782504	5.354417878	4.105405542	5.822687726
0.212462039	1.961623245	2.150882331	4.38173641	6.639151696	6.457010599
0.222460149	1.912493121	3.149745703	5.030281701	5.579352788	5.878354791
0.072750364	2.119696639	3.27354119	2.693520606	4.397559294	6.965612329
0.618574341	1.72119462	2.676647883	5.214749517	4.648343562	6.490900681
-0.428402631	0.445512795	3.659381247	4.279820625	5.029267627	5.472165435
1.077940154	1.645873197	2.314259951	2.584619603	5.27232204	6.256378586
-0.686898202	1.398824993	2.965119245	5.916109929	4.458850123	5.000508256
-0.864833696	0.931823895	3.120126815	3.538736362	4.43910989	4.727509115
0.538622739	1.223061966	3.804607111	2.615893259	5.67822762	5.489439376
-0.41778993	3.621714449	3.562046927	3.524552917	5.582031884	4.852747978
-1.992232159	1.282712933	4.065021126	4.252251744	5.044691064	6.881167691
-0.166037941	1.998423572	2.575988136	3.891837189	4.915653038	6.749868764
-0.936673849	2.403373176	2.688824092	4.040426021	5.090533015	6.757657913
0.062987228	1.623137303	1.320374126	2.06901712	5.717543471	5.541687113
2.118172346	2.447582393	3.345285734	4.068874623	6.736605597	7.57461332
1.293409683	0.520034023	5.427161014	3.830921973	4.589344399	5.070339791
0.762767749	2.950771213	2.666464515	3.723070143	4.812980701	5.696139238
0.0603681	3.2970253	3.216721709	5.785887343	5.970647315	6.470994513
0.317375927	1.95099787	2.174954865	3.394209244	5.379718936	8.282570466
0.909042133	2.383869907	2.064165769	1.663819385	3.207294925	4.377780445
-0.731570063	1.698366507	3.034570957	3.604541781	4.131226955	5.875267356
1.17770607	0.388832478	2.943387696	6.808651574	5.582118798	5.271431817
0.108226705	3.818247685	3.981344244	3.153653007	5.828252079	5.603999628
1.207677872	1.831816992	3.576279878	3.560035672	4.19067278	7.420676116
1.271970553	2.271554836	3.817286167	3.577159572	4.633684616	5.608515227
-0.248959522	2.50004916	3.543303327	3.319024939	7.077168418	5.215697019
0.85802558	0.743412255	2.960938709	4.212993746	4.034999676	6.378301102
0.70261507	-0.324226332	3.652772753	4.928664962	4.38148829	7.634522649
0.715687526	3.929527185	4.026565401	4.353103611	5.348235501	6.528403259
0.319241899	1.529054656	5.603738126	2.913967581	5.91766186	4.950828844
-1.523570888	1.432074301	1.17890539	1.945651779	3.990573632	5.883355285
2.147868124	2.489979104	1.742418548	4.798936514	4.707003046	6.577625307
1.546736497	2.388358655	2.76408229	3.691119368	4.561849522	4.586723063
0.925902056	0.944570126	2.690218439	2.982083188	4.591819517	6.355684427
-1.011546003	2.893098882	2.889166905	5.610466592	4.855892585	5.297983427
-0.052722962	0.998316287	1.087926916	5.069846682	3.666504562	5.424440044
-1.055659385	2.600846727	2.506253025	4.880979944	5.568933989	5.778303225
2.15694177	1.747434551	3.475137219	4.269517536	4.998649782	5.73201886
1.162632228	-0.201047804	2.845961372	2.624084742	4.215566941	6.450516426
0.193423297	2.342140271	3.534113949	3.819437687	5.310711901	7.412023962
1.48901163	1.006712411	2.664837181	2.784023141	6.608397728	4.93829077
0.96648988	2.538964446	2.867757399	3.142304944	5.622485301	6.655292298
-0.285051538	1.814977248	4.036587021	3.326274623	4.106015487	5.22630759
0.937018449	0.365264282	2.499186505	4.857782599	5.725959692	6.56341352
-0.511550257	2.150398033	3.579922301	2.880027975	4.290531154	5.71087827
-0.332928377	2.495025291	2.675266713	2.396615893	3.972738309	4.344662414
-2.425534208	1.395864759	4.404002869	4.618112382	4.41159293	4.254420109
-1.578322585	2.61054049	5.180594132	4.149116704	4.602240135	6.171529679
-0.232615001	1.235938246	3.081751307	3.675275113	5.952950485	6.086303271
-1.276928458	1.755460889	2.080540474	3.79964774	2.949469891	5.560715968
-0.607777215	2.817608424	1.161725253	2.502814998	3.143575484	6.921452401
0.764705765	3.122032144	2.179741288	4.137536302	4.863590166	6.402893705
0.439033047	0.58144617	2.798144892	3.649295407	5.687690012	5.143256199
1.126688934	1.880866807	4.579104337	4.375999742	5.064093064	4.157683008
1.362417173	2.32674091	3.752942213	4.418161691	3.509453168	7.601332739
1.895974511	1.912792909	1.958892379	3.699771422	6.142058777	6.787988189
-0.640017688	1.693489631	2.863308629	3.924223749	3.377507067	6.426769866
-0.901017749	3.822919316	3.288240494	4.4476722	4.025499414	7.761970414
1.091554921	2.876962734	4.209816414	4.273471719	4.111518637	5.96935295
-0.758303132	2.338192877	3.926997786	2.99561878	6.711268647	5.513442666
0.062735202	3.550694998	3.252692369	2.27579239	3.734767104	5.969354165
-1.078602593	2.521275579	2.315993726	5.323356136	5.396807093	7.072626452
1.245977672	0.451246572	2.748650807	3.898478209	4.923933163	4.766059627
0.410038393	1.565313055	2.396385081	3.650893323	5.045679361	4.937881755
0.415393498	1.814246137	4.443719681	5.416679161	5.322025474	6.02712218
-0.246050289	1.690249376	2.02721134	2.467721589	5.059015511	3.580711483
0.255941862	0.594178258	2.190797791	3.290249738	6.634575938	5.954210028
-0.135937065	2.815883801	2.874973914	3.914247277	4.344869815	5.238659675
0.722205157	1.229921812	2.23575455	3.816468127	3.76269867	5.870327935
-0.463529871	1.37219096	4.650440753	4.201392002	5.655529458	6.943998586
-0.57722038	2.484837748	1.034782304	5.045643741	5.754209186	8.126581029
-2.144855986	0.881282048	1.79591815	3.657904911	5.617072835	4.962054894
0.669349137	2.751130055	3.361484599	4.466533024	5.666220855	4.342957059
-0.710851672	1.664289672	2.998148621	3.241686976	4.262282125	5.878337042
-0.179774545	1.110731553	3.027294446	4.561667936	5.279553232	6.454216969
1.199425283	2.925276854	4.966514095	4.141725197	5.850751117	4.480736989
1.049526874	2.862174121	2.427907717	3.298606426	3.313555914	5.815760464
-0.493807037	0.733682049	4.4816548	3.132826949	3.663581678	5.816662086
-1.29175124	2.125804669	2.991722523	3.311532409	4.436641991	6.177112481
-0.792870559	0.914218778	2.276947639	6.549835841	5.500089807	6.755578062
-0.151902456	2.028925023	4.085918296	3.035073916	3.663221803	6.386148119
-0.972238845	1.287186478	1.279077522	3.811050084	4.517965751	5.029876612
-0.590774631	2.658459187	2.217598654	4.551982629	2.64824279	5.608587483
2.692558701	2.877288285	2.166716449	3.829119652	6.733425444	6.233623918
-1.841157367	2.253659503	1.440891985	4.071071579	5.656698051	6.350968549
2.336970181	0.793174539	2.134665807	0.979669371	4.698750201	6.795959639
0.526356036	0.145478435	4.137145874	5.261652524	4.312067328	6.686221131
0.565798423	3.472692578	2.342154632	3.843831126	5.086660326	6.209367824
-0.220381353	1.291945638	3.991136587	3.772462707	3.567036115	5.557615864
1.496696868	2.174450723	2.148181066	4.073909692	6.765939611	3.560263866
-1.16572097	2.297137371	3.105981889	3.211525396	6.170301395	4.845742253
0.136227754	2.398179311	2.302219404	5.469135587	5.74980679	6.574406651
0.529726566	4.134773419	2.178388361	5.372193621	3.582872124	5.683529815
0.894492715	0.327538459	2.004264708	4.763160639	5.784982296	6.780928009
0.656487261	2.799797196	4.652200753	3.940780305	4.643487247	6.404048343
-1.256521294	2.603418353	2.511079425	3.378446147	3.698544719	4.510964988
0.152604921	1.939177079	1.231094986	3.674174735	4.479934209	6.072947294
-0.726557799	3.158665758	3.687470441	5.365159988	3.170186043	4.697965453
0.712039057	4.48091189	1.61193931	5.437199496	2.69031629	5.466453687
0.074404518	4.758184423	3.320283917	4.633743189	3.996765089	6.536316246
-0.739752729	0.155789856	2.332949526	1.770680665	3.775820143	5.000807445
0.477531907	2.1476768	1.975492089	6.12758225	5.393924627	5.786885592
1.452193521	2.637806012	1.871860279	3.713849032	3.983804004	6.295026022
1.179222208	2.674235381	3.405762635	1.99417845	5.908152198	5.799051772
-1.672486626	2.097000242	2.227021425	5.920801219	5.604565588	5.605154172
-0.997671487	1.453699288	3.321934052	4.673019968	4.951900719	4.887325993
-1.101586172	2.519147432	3.026550507	1.980213476	2.308294856	8.009304801
-1.347172335	1.493519803	1.622145808	2.574066435	2.858698804	8.08716853
0.101777387	2.265836378	3.871011417	5.258368423	5.08599805	6.86387256
-0.648995818	2.435424076	2.402852013	4.61314125	4.985094367	6.097509371
-1.345473014	1.490489393	3.496887234	4.155167639	4.862303443	5.457028496
0.919728621	3.011987455	2.166252768	1.448849792	4.280610285	5.715050126
-1.148091091	1.661313809	2.668875036	4.273360726	6.944133883	5.6243739
0.608640967	2.069722131	4.618964526	4.13009486	3.067559016	7.097170963
-0.186057263	1.739766175	3.59434901	4.161946539	5.172336091	4.687121115
0.865423676	2.365789742	4.638999419	5.573721322	5.452783108	5.637501009
-0.385154226	0.992335301	3.527828003	5.230391825	4.295657727	6.157790358
-0.953574827	1.593372549	2.684469662	3.24016821	5.290451017	5.703503564
-1.016886392	1.700194425	2.946682003	4.928082029	5.514151199	5.654996042
-0.068667306	1.934228414	2.622241983	3.333398187	5.509169701	6.555777731
1.612204875	4.308347206	2.462300169	5.686091024	4.253994503	5.133646982
0.961357324	1.643700554	2.10430796	4.526137133	4.569173719	6.965874529
2.01090609	1.067855516	2.480376989	3.163239929	5.452564115	6.417639728
0.409404558	1.357527958	2.242199046	3.842175225	3.7480861	6.93428046
-0.501527334	0.84144016	4.802213175	4.221205097	5.277565157	6.330282622
0.853014799	2.096704168	4.291401441	2.807027424	3.915492893	6.899225779
1.788605562	2.838869158	3.816356988	4.029827057	3.501058292	6.451730389
-1.01999561	3.992982119	1.271383575	4.344470669	4.483378303	6.841448592
-0.436952385	1.03182752	1.784283749	3.459890291	5.762494482	5.738640752
1.088415793	0.978350099	2.550889169	3.745265652	5.870210096	7.382729645
1.831592889	1.666383923	3.136441545	4.93600026	4.624549879	6.997300071
-2.196264748	3.284894622	2.557037953	3.684182861	6.103632014	6.537857235
0.367084955	1.542483867	2.990243721	4.807691852	5.620797702	7.208336541
2.283382596	1.050112511	4.496377681	3.974571041	5.83723296	5.841814094
-0.463463418	1.952487905	3.060378397	6.139823467	4.590600384	8.404722159
1.016221178	3.142137813	3.358445547	6.847846173	5.054059999	5.515384335
0.438987205	1.340054125	3.074828029	4.026840841	5.288603892	7.669788638
0.834593765	1.353084834	2.751893142	4.438345113	5.252986785	6.761902896
-0.522157367	0.862266778	2.944223259	4.581849217	5.855954183	6.353467021
-0.168737254	2.06551089	2.991165293	2.742970994	4.991804683	3.975486502
0.088372681	1.503108763	4.805476273	3.936288799	6.75314251	7.593702541
0.393817409	3.142469734	3.214763032	6.037708461	3.411536726	6.245440408
-0.42810111	1.800222302	3.048451947	3.716087526	5.10800085	5.943368243
0.394915377	3.097721921	5.349553868	3.885222587	4.376052673	6.029754885
1.022079741	1.619222191	3.740457104	3.942092958	5.149874081	5.280663647
0.012380492	2.200629311	1.392611695	4.194527549	6.174701131	6.39765083
0.399920786	1.892084043	2.572915566	3.442048875	5.011476452	5.49445513
0.361866856	2.085629061	3.092815558	4.739460875	5.438647101	5.519440578
-0.455773109	1.105823401	2.304358338	3.301372571	6.706900041	7.027108374
-1.345707984	2.756773786	4.071386785	3.959166428	3.587937491	6.032101886
0.424443656	0.79060335	3.256311599	4.522797814	6.604781577	5.652733957
0.403963293	1.382709916	1.668529053	6.218461143	4.254335502	6.586469619
0.309253639	2.461332582	3.204855033	4.791398391	6.015903336	6.073367149
0.583470462	2.706302784	3.368538312	3.578418422	5.68780997	7.758526723
-0.016133299	0.978539312	3.647903393	2.14726836	5.775666219	4.489541698
-0.252300694	2.000822654	3.329188186	6.667883995	3.999298667	6.922214178
0.111953812	2.238833134	3.49571209	4.00400637	6.001991053	6.713048136
-1.328170864	3.951085701	3.514914895	5.211737062	3.8256219	4.822589493
-0.245895449	2.402544505	3.095279939	2.572810717	4.60559793	7.626426411
1.070589298	0.835599994	3.345083629	2.687903082	6.624354914	7.603433135
-0.151346913	0.594025798	3.537766006	2.999683099	5.45146288	6.107803383
-1.575426524	1.578998111	3.866686437	4.956715721	5.270552287	5.401423804
0.117828583	2.634686086	4.668037271	3.310948732	6.042365156	9.141672144
0.941477655	1.300309198	0.742184837	2.290872765	4.27650779	5.853499069
-1.594929335	2.987124802	1.923640344	4.425397549	4.407514136	5.338389982
-1.262695732	1.091624922	4.11054267	4.203350664	6.136099103	7.703015751
-0.679648478	2.606434401	2.382358469	4.029740357	3.438715202	5.67826415
0.155299142	1.941780185	1.845774383	4.225731898	4.175755709	5.647211361
1.142791947	1.953339373	4.027311519	3.240704179	7.670285346	6.664657283
-1.665898339	2.019678722	2.206443671	2.745920147	5.779113552	6.135434195
0.217407559	1.484556572	3.953708742	4.862925052	4.861512788	7.454569635
0.306739759	2.396799615	1.663291217	2.558349651	4.168103935	5.75863881
0.970492515	1.108729841	3.279542023	4.748870557	3.600742205	5.499197002
1.005044342	3.766601208	2.410852282	4.586091405	5.304971557	7.559132361
0.414991998	2.843974759	4.371784167	3.594217579	4.700106183	6.291743161
1.120648843	0.577915414	2.592627041	4.345539568	3.637567025	5.425397185
-1.1019999	1.796525749	3.521199318	2.456168864	4.659091911	4.957072577
-0.192699627	1.716784649	4.068318914	4.712254479	4.264030032	4.75408382
0.290592097	1.98436939	2.352859147	2.560492125	5.0826555	5.874946664
1.508546295	0.667992217	4.488293157	5.523502958	4.058087019	6.721745418
-2.466156002	1.511415784	3.531915673	2.307993788	5.114039481	6.497198298
-0.997021267	1.839467972	4.794619072	2.824036294	2.457607727	7.49668812
-2.164391431	3.214504451	3.598645685	4.785530624	4.49791136	6.971830812
0.431848561	0.836476472	3.152477987	2.961801821	5.049747604	6.425700766
0.645207738	3.391041351	2.589196473	3.674707201	5.432957284	6.775570973
-0.363844127	3.617824411	3.984062519	6.195659318	4.953989264	5.556804415
0.465521478	1.735091708	2.905463424	2.216094021	6.672580488	6.185602119
-0.282783877	3.355492465	2.730110101	4.159081613	3.859900328	5.92640694
1.224628804	1.927308686	2.127444144	3.105245546	4.051909463	5.428944758
-0.482129982	3.455342069	2.684317088	3.246170565	5.310371584	8.013758757
0.9670573	3.133283528	3.616068978	2.860162875	6.7513713	6.372503725
-0.422073329	4.189307338	2.464307591	3.307108466	6.52973569	7.276263209
0.645349778	2.454579566	3.106584627	3.689912433	7.175273619	5.551928193
-0.124435528	0.155158748	3.246471575	4.546629697	6.003600845	6.795881604
0.083068466	2.456370592	3.394647474	2.106459583	4.067217843	7.442388418
0.370249291	2.708140863	3.141283875	3.911435757	2.506852214	6.554752151
0.054610855	4.023638612	2.801675178	4.897331572	5.320605458	5.647791776
-0.587153385	2.165326975	3.303960086	4.737073956	4.693717214	5.967372499
1.458349662	2.012413815	2.682521723	2.980483685	5.866729209	7.078082267
0.684931013	1.824356199	2.999610039	3.705852823	5.39553681	5.722153378
-0.067291231	1.734291615	2.867373241	3.550338177	5.170031683	4.138522734
-0.53532973	2.122434014	2.615669646	3.098916564	6.007309946	5.137651149
-0.986272174	2.192232647	3.025032177	3.069626798	5.194718294	5.98258416
0.517306411	2.287830882	2.775115642	4.269054142	5.35327424	5.875578805
0.557350409	2.69578746	3.21077223	2.620981984	6.43108443	6.743125641
-0.271588473	3.012489382	2.448309711	4.433583785	4.687470343	5.396093653
0.38023697	2.484097622	1.926821778	2.959836987	4.387764075	5.93859315
0.757745214	1.863053018	2.301716308	3.922382072	5.051435725	6.103125556
0.416410973	3.383854757	2.111535609	4.594298639	5.078733559	6.988202923
0.54603143	1.050612549	4.250930356	4.093017477	5.463695477	4.924668866
-0.517568207	0.967475626	3.660968842	1.632162078	3.858016764	5.460855319
-1.347643718	0.893904015	1.98923946	0.413058297	6.226461258	4.574401155
-0.599014859	-0.467905667	1.946733394	3.145008419	4.96767307	6.07357021
-0.39209792	0.948594676	2.52411321	4.929854724	5.248514367	4.79650809
0.094400527	-0.298566052	4.165931453	4.454034461	4.952038821	5.028337228
-0.410015204	1.446825524	2.83654972	4.083132045	3.980801893	5.478602998
1.122340785	2.246694287	3.32428017	3.246576986	5.744896436	5.012310934
-1.124006698	1.314317394	4.34048957	6.098787436	2.779871736	7.126935918
0.562125248	3.32126703	1.778927064	4.087622693	5.691655541	5.048380799
1.141631544	2.049329658	1.300856984	3.745893713	6.929306499	5.188622962
-0.908868241	1.030174347	2.178003521	4.796469704	4.91508876	6.206578577
-0.223880136	2.025291723	2.998432254	4.670739411	5.628329613	6.892601293
0.672815881	3.711313289	1.748683917	2.893001037	7.193679301	6.76384608
-1.345844819	1.647415704	3.029362416	4.824165906	3.116766943	5.405109835
-1.537202374	0.371972019	0.636104046	4.909020612	5.651150696	7.412161059
-0.590197493	1.904536882	3.475840087	2.448829914	3.621816043	5.078540382
1.875166283	0.8628627	4.070654438	2.433440557	5.039557887	5.976459605
0.245514846	1.926040867	3.48584263	3.47877909	5.081972938	6.650162876
-0.620845967	2.26912083	3.135238018	4.535753824	5.328152252	4.404405678
-0.896264781	2.052136252	1.704048298	3.955981218	6.263740294	5.880291395
0.304949986	3.219771266	2.918249905	3.664422511	7.464989069	5.694942022
0.19213247	1.688322431	2.350692334	5.033862713	4.483207883	5.348001498
-1.45092125	2.671096252	4.005920524	3.950379694	4.197634492	5.293561654
0.342494226	4.072902876	3.566669977	4.052862838	5.33549674	5.891356713
1.236436449	2.111833	3.712283472	5.233208671	4.852339236	5.542475772
0.421960636	1.632411305	2.961424937	3.840922129	5.217423159	4.891216865
-0.202969246	2.2370308	2.008306727	5.231401777	6.991702054	5.522295352
-0.973600193	2.085070394	1.720614469	3.452229344	5.418885979	5.912145207
0.679100023	2.253392639	1.874380291	3.743233553	4.553603694	6.260967763
0.422510194	2.874607241	3.095689359	4.989239674	3.704699735	5.079620389
0.72449751	3.217197255	4.10655949	5.095542822	6.76373479	4.737692415
-1.07804492	1.425939425	4.37893807	4.318980079	6.611640739	4.422609785
1.943178678	1.617416255	3.810347683	3.387850263	3.546054689	7.19941144
0.816449569	1.271774973	1.222937989	3.976192135	6.235269312	7.15391297
-1.527410568	4.141914884	4.054239357	2.538287781	5.265851499	6.516844
1.28003281	1.385664333	3.43914789	2.55125103	5.118765476	6.361071325
-0.372718353	2.261456067	2.955315593	2.646224163	4.622918983	7.317384764
-0.224003137	1.901966433	4.450207385	1.678845079	7.461947322	5.79088769
-0.83533329	1.470496277	3.060085901	5.754673182	4.191599501	8.190870535
-0.795239288	1.577998622	3.451293408	4.505906449	4.969332825	6.394681269
0.412916726	1.478796305	2.59678319	6.22719549	5.674546655	5.584730624
1.89640287	2.410547409	2.298654827	3.383296919	3.980804402	5.91998945
-0.272240863	1.855266377	1.491835605	4.938583624	5.639506862	5.472933236
1.167969543	2.850136184	2.182667513	2.918819753	6.3493414	5.200764178
0.444860817	0.272099336	1.732423215	3.463463027	6.495086389	5.058254566
0.862304518	2.730780244	1.245285146	4.172974576	5.173864096	6.005662862
-0.171783153	0.968936737	1.996430732	3.404424136	5.553412256	6.197247941
-1.922417847	0.549101115	3.310562741	5.338032009	3.325905614	7.514238119
-0.091567931	0.21984423	2.986195131	4.286178516	4.520778214	6.284160715
-0.76795652	1.785594212	1.527995656	2.753160142	3.999088216	4.223419477
1.732361503	3.456120046	4.676595157	3.630323941	5.881907247	4.946696434
-2.0563858	0.641106875	2.899560539	5.487217063	6.843732678	5.767199384
1.537467339	0.614530076	3.486104848	4.484223728	3.381404822	4.890327777
0.107067002	1.378739043	1.607541849	3.908994897	3.769664788	6.090880659
-0.880010137	2.544403921	5.100294761	2.409822862	3.050485448	6.75573049
0.286627898	1.709433125	1.871681137	5.147739273	5.867603389	5.21141447
-2.123969391	2.193927874	3.089747894	3.717372175	4.589250719	7.217002921
0.171676338	1.631374225	3.433842177	2.716430222	6.024434324	5.506844628
0.700123712	2.622309197	3.432852304	3.126448715	4.985864696	4.829531866
-1.422728906	0.55692219	2.269374547	3.143117646	5.488580893	4.887152586
0.425232989	1.979213252	2.045171572	3.603428658	3.668675877	5.328505232
-0.211414574	0.719480523	4.84961111	3.485735626	4.091384143	8.151446834
0.832096016	0.861603005	3.367717444	3.176589733	4.150375983	6.330185801
1.057259905	2.842845214	2.703962872	4.921006634	5.008186753	7.316453402
-0.362265734	2.631260495	2.499227389	3.445580052	5.822959651	6.000246772
0.806977087	1.60151527	1.628390824	3.414693091	4.218454297	5.833970864
0.039112106	0.84994159	3.961566277	4.198325932	6.973693894	8.630710834
1.193939259	0.255797849	2.228789345	2.748766087	2.947430775	7.448750457
-0.844618082	2.159039035	1.302752264	2.68733989	5.506355849	7.423090034
-0.172593208	0.303493749	1.937208616	4.465691397	4.073996628	6.716247576
0.967312473	2.354679657	4.182734674	4.011814352	5.61070614	4.442585408
0.346363676	2.544368964	3.681915814	5.131624706	4.141719539	6.241729476